#index,prob
0,0.03563010503128651
1,0.051171688286977796
2,0.05417775651070475
3,0.05264303694839713
4,0.049484786684334696
5,0.04585326765611296
6,0.04222425630529059
7,0.03879275932933493
8,0.03563010503128652
9,0.03275168061286632
10,0.03014780143610257
11,0.027798291863901196
12,0.025679487239127045
13,0.023767573415909442
14,0.02204011144873863
15,0.020476652271591865
16,0.01905889709068585
17,0.017770637429044136
18,0.01659759604368107
19,0.01552723137606
20,0.014548537303640039
21,0.013651853532281589
22,0.012828693241099717
23,0.012071590014903703
24,0.011373963777542755
25,0.010730004342379503
26,0.010134570758352961
27,0.009583104539252783
28,0.009071554947074222
29,0.008596314662614839
30,0.00815416436638437
31,0.0077422249435043985
32,0.007357916204362555
33,0.0069989211727282345
34,0.006663155133303578
35,0.006348738751862067
36,0.00605397468480901
37,0.005777327183160233
38,0.005517404270609963
39,0.005272942138465408
40,0.005042791453495875
41,0.004825905319698025
42,0.004621328672925869
43,0.004428188919390953
44,0.004245687656148266
45,0.004073093334641126
46,0.003909734747848783
47,0.003754995238121103
48,0.0036083075368607354
49,0.00346914915921355
50,0.0033370382871783025
51,0.0032115300833178524
52,0.0030922133847747766
53,0.002978707733754353
54,0.002870660706197838
55,0.0027677455051630323
56,0.0026696587895707067
57,0.002576118712559834
58,0.0024868631468024736
59,0.0024016480768286313
60,0.0023202461407603684
61,0.0022424453059019895
62,0.002168047664420739
63,0.0020968683369161105
64,0.002028734473045497
65,0.001963484339575799
66,0.001900966487286808
67,0.0018410389890818407
68,0.0017835687424806296
69,0.0017284308303929065
70,0.0016755079347108165
71,0.0016246897978245238
72,0.0015758727276675292
73,0.001528959142343892
74,0.0014838571507858704
75,0.0014404801662431781
76,0.001398746549719495
77,0.0013585792807523614
78,0.0013199056531833205
79,0.0012826569937894113
80,0.0012467684018479313
81,0.0012121785078865416
82,0.0011788292500323676
83,0.0011466656665191342
84,0.0011156357030419775
85,0.0010856900337673865
86,0.0010567818949117512
87,0.0010288669298978814
88,0.0010019030451852817
89,0.0009758502759482705
90,0.0009506706608468339
91,0.0009263281251992442
92,0.0009027883719236948
93,0.0008800187796689807
94,0.0008579883076022545
95,0.0008366674063655143
96,0.000816027934752167
97,0.0007960430816911921
98,0.0007766872931593914
99,0.0007579362036722794
100,0.0007397665720316581
101,0.0007221562210329719
102,0.000705083980858534
103,0.0006885296359036988
104,0.0006724738748022767
105,0.0006568982434351577
106,0.0006417851007222521
107,0.0006271175770127105
108,0.0006128795349020325
109,0.0005990555323171797
110,0.0005856307877223773
111,0.0005725911473088473
112,0.00055992305404154
113,0.0005476135184448966
114,0.0005356500910179968
115,0.0005240208361771177
116,0.0005127143076307798
117,0.0005017195250989258
118,0.0004910259522938856
119,0.0004806234760864028
120,0.000470502386785151
121,0.00046065335946296454
122,0.00045106743626744706
123,0.0004417360096577351
124,0.0004326508065130209
125,0.0004238038730619553
126,0.0004151875605853711
127,0.00040679451184780745
128,0.00039861764821615104
129,0.0003906501574263684
130,0.0003828854819617441
131,0.00037531730800833874
132,0.0003679395549555102
133,0.0003607463654113202
134,0.0003537320957045089
135,0.0003468913068464419
136,0.0003402187559280428
137,0.0003337093879282334
138,0.00032735832791180766
139,0.0003211608735959707
140,0.0003151124882660138
141,0.0003092087940217313
142,0.0003034455653372631
143,0.0002978187229180554
144,0.0002923243278395682
145,0.0002869585759532372
146,0.0002817177925460292
147,0.00027659842724070145
148,0.0002715970491245984
149,0.0002667103420955088
150,0.000261935100413732
151,0.00025726822445011854
152,0.00025270671662039936
153,0.00024824767749665686
154,0.00024388830208728622
155,0.00023962587627726105
156,0.00023545777342096337
157,0.0002313814510802454
158,0.00022739444790078947
159,0.0002234943806201863
160,0.00021967894120151536
161,0.00021594589408652242
162,0.00021229307356279944
163,0.00020871838123967258
164,0.00020521978362775963
165,0.00020179530981742863
166,0.00019844304925163461
167,0.00019516114958882463
168,0.00019194781465183816
169,0.0001888013024589238
170,0.00018571992333318637
171,0.00018270203808696606
172,0.00017974605627782113
173,0.0001768504345329545
174,0.00017401367493906678
175,0.00017123432349478343
176,0.00016851096862292349
177,0.00016584223974002487
178,0.00016322680588065234
179,0.00016066337437414105
180,0.00015815068957153656
181,0.0001556875316205982
182,0.0001532727152868329
183,0.00015090508881862474
184,0.00014858353285460922
185,0.00014630695937153362
186,0.00014407431067092573
187,0.00014188455840296078
188,0.00013973670262600513
189,0.00013762977090037281
190,0.00013556281741490092
191,0.00013353492214501458
192,0.0001315451900410092
193,0.00012959275024533723
194,0.00012767675533773638
195,0.0001257963806070937
196,0.00012395082334898245
197,0.0001221393021878615
198,0.00012036105642296448
199,0.00011861534539695449
200,0.00011690144788645614
201,0.00011521866151361722
202,0.0001135663021778864
203,0.00011194370350723003
204,0.00011035021632804546
205,0.00010878520815305563
206,0.0001072480626865022
207,0.0001057381793459853
208,0.0001042549728003222
209,0.00010279787252282265
210,0.00010136632235940804
211,9.995978011102073e-05
212,9.857771712979415e-05
213,9.72196179284786e-05
214,9.588497980263199e-05
215,9.457331246511278e-05
216,9.328413769242452e-05
217,9.201698898248153e-05
218,9.077141122338523e-05
219,8.954696037281342e-05
220,8.834320314764194e-05
221,8.715971672343295e-05
222,8.599608844344149e-05
223,8.485191553679947e-05
224,8.372680484555551e-05
225,8.262037256025965e-05
226,8.153224396379172e-05
227,8.046205318314778e-05
228,7.940944294890733e-05
229,7.837406436211527e-05
230,7.735557666832355e-05
231,7.635364703854582e-05
232,7.536795035688952e-05
233,7.439816901463607e-05
234,7.344399271055319e-05
235,7.250511825722416e-05
236,7.15812493931956e-05
237,7.067209660074546e-05
238,6.977737692908387e-05
239,6.889681382280678e-05
240,6.80301369554257e-05
241,6.717708206780849e-05
242,6.633739081136652e-05
243,6.551081059583319e-05
244,6.469709444148514e-05
245,6.38960008356582e-05
246,6.310729359342051e-05
247,6.233074172226886e-05
248,6.156611929071546e-05
249,6.081320530064311e-05
250,6.007178356330629e-05
251,5.9341642578862244e-05
252,5.86225754193199e-05
253,5.791437961479748e-05
254,5.7216857042985425e-05
255,5.652981382171233e-05
256,5.585306020451802e-05
257,5.518641047913847e-05
258,5.452968286881188e-05
259,5.3882699436319406e-05
260,5.324528599067474e-05
261,5.261727199638109e-05
262,5.199849048517652e-05
263,5.138877797019266e-05
264,5.078797436245029e-05
265,5.0195922889623795e-05
266,4.961247001700355e-05
267,4.903746537059051e-05
268,4.84707616622586e-05
269,4.791221461692297e-05
270,4.736168290165388e-05
271,4.681902805667787e-05
272,4.6284114428210925e-05
273,4.575680910306795e-05
274,4.523698184499774e-05
275,4.472450503269115e-05
276,4.421925359941349e-05
277,4.37211049742153e-05
278,4.322993902467247e-05
279,4.274563800111428e-05
280,4.226808648229369e-05
281,4.179717132246005e-05
282,4.133278159979286e-05
283,4.087480856615715e-05
284,4.042314559814409e-05
285,3.997768814935845e-05
286,3.953833370391819e-05
287,3.910498173113267e-05
288,3.8677533641323726e-05
289,3.825589274276042e-05
290,3.7839964199673474e-05
291,3.7429654991321126e-05
292,3.702487387207543e-05
293,3.662553133250203e-05
294,3.623153956140449e-05
295,3.584281240880776e-05
296,3.545926534985315e-05
297,3.508081544958212e-05
298,3.470738132858179e-05
299,3.433888312947088e-05
300,3.3975242484201507e-05
301,3.361638248215581e-05
302,3.326222763901526e-05
303,3.291270386638138e-05
304,3.256773844212901e-05
305,3.2227259981470564e-05
306,3.189119840871369e-05
307,3.1559484929693135e-05
308,3.1232052004858924e-05
309,3.090883332300374e-05
310,3.058976377561164e-05
311,3.0274779431812924e-05
312,2.9963817513928522e-05
313,2.965681637358807e-05
314,2.93537154684075e-05
315,2.905445533921087e-05
316,2.8758977587782424e-05
317,2.846722485513506e-05
318,2.8179140800282324e-05
319,2.7894670079499863e-05
320,2.761375832606486e-05
321,2.733635213046046e-05
322,2.7062399021033493e-05
323,2.6791847445093877e-05
324,2.6524646750444502e-05
325,2.6260747167330708e-05
326,2.6000099790798368e-05
327,2.5742656563450785e-05
328,2.5488370258593957e-05
329,2.5237194463760462e-05
330,2.498908356460271e-05
331,2.4743992729146334e-05
332,2.4501877892394062e-05
333,2.4262695741272597e-05
334,2.4026403699912722e-05
335,2.3792959915255026e-05
336,2.3562323242973487e-05
337,2.3334453233708394e-05
338,2.3109310119601475e-05
339,2.2886854801125605e-05
340,2.266704883420242e-05
341,2.244985441759974e-05
342,2.2235234380603294e-05
343,2.202315217095524e-05
344,2.1813571843053296e-05
345,2.1606458046404198e-05
346,2.140177601432539e-05
347,2.1199491552888825e-05
348,2.0999571030101595e-05
349,2.080198136531689e-05
350,2.0606690018870667e-05
351,2.041366498193814e-05
352,2.0222874766605026e-05
353,2.0034288396148595e-05
354,1.9847875395523277e-05
355,1.9663605782046516e-05
