#index,prob
0,0.01834243736237638
1,0.07691347426430556
2,0.09295522935866518
3,0.08947283039017209
4,0.08272209509635657
5,0.07541721863352455
6,0.06808147380081776
7,0.06123869837586149
8,0.054920364228274315
9,0.04906434940570427
10,0.04364418980236436
11,0.038838354416960694
12,0.03428571927513466
13,0.02990625003852126
14,0.025944685113864736
15,0.02249469536565613
16,0.019282445995247605
17,0.016471164422709093
18,0.013884230669826164
19,0.011767525940730264
20,0.009923782861716688
21,0.008259394770394798
22,0.006905038621929136
23,0.005889541159401592
24,0.00502943846069455
25,0.004314843402345626
26,0.003704525395474666
27,0.0031895218268651175
28,0.0027647478901648955
29,0.0024218701527414194
30,0.0021423727288378577
31,0.001885988061080132
32,0.0016618200073056854
33,0.0014940984402074026
34,0.0013399235162945959
35,0.0012040847122574856
36,0.0010876734638029584
37,0.00098836565489635
38,0.0008838446354368475
39,0.0007853971346756674
40,0.0007195000988198729
41,0.000662963729203142
42,0.0006098557517480434
43,0.0005705383854599603
44,0.0005262004149201983
45,0.00046065007040659137
46,0.0004048969664148027
47,0.0003670562484360368
48,0.00033252835883817414
49,0.00029931019208857547
50,0.00027369355402694063
51,0.0002469726398383381
52,0.00022406533041379847
53,0.00020587045515899316
54,0.00019763974588705936
55,0.0001864043783161669
56,0.0001737437241162812
57,0.00016449862165794684
58,0.0001554846467610708
59,0.00015447025357467022
60,0.00013840688805331425
61,0.00012696607376112547
62,0.00011438246208172589
63,0.00010494475332217621
64,9.378642827176985e-05
65,7.964912576256687e-05
66,6.869624743345683e-05
67,6.535773821239164e-05
68,6.040133606111793e-05
69,5.272276485266799e-05
70,4.26301946689863e-05
71,3.174151844028137e-05
72,2.9301838624887568e-05
73,2.5295627559609338e-05
74,2.2239607580326588e-05
75,2.068591675052317e-05
76,2.0544672129631952e-05
77,1.9299151381773012e-05
78,1.8207715674886318e-05
79,1.7912386013022857e-05
80,1.7617056351159396e-05
81,1.707775870775656e-05
82,1.8413162396182637e-05
83,1.644857812378658e-05
84,1.2647813779804669e-05
85,1.213419697656387e-05
86,1.1389452611864712e-05
87,1.1145484630325332e-05
88,9.835761782061297e-06
89,9.643155480845996e-06
90,8.731485655093579e-06
91,8.821368595660718e-06
92,8.34627305266298e-06
93,8.64160271452644e-06
94,7.524486167477702e-06
95,6.2661249995377446e-06
96,6.124880378646525e-06
97,5.559901895081647e-06
98,5.187529712732068e-06
99,5.431497694271447e-06
100,5.4700189545145065e-06
101,5.251731813137167e-06
102,4.879359630787588e-06
103,5.033444671759828e-06
104,5.136168032407988e-06
105,5.264572233218187e-06
106,5.495699794676547e-06
107,5.431497694271447e-06
108,5.110487192245948e-06
109,5.688306095891846e-06
110,5.405816854109407e-06
111,4.905040470949628e-06
112,4.712434169734329e-06
113,3.8778068644680305e-06
114,4.05757274560231e-06
115,3.736562243576811e-06
116,3.5311155222804913e-06
117,3.299987960822132e-06
118,3.813604764062931e-06
119,3.2871475407411122e-06
120,3.1202220796878525e-06
121,3.2871475407411122e-06
122,3.351349641146212e-06
123,3.6338388829286514e-06
124,3.698040983333751e-06
125,3.0560199792827525e-06
126,3.1715837600119324e-06
127,3.248626280498052e-06
128,3.338509221065192e-06
129,2.901934938310513e-06
130,2.824892417824393e-06
131,2.8634136780674533e-06
132,2.2727543543405347e-06
133,1.5536908298034162e-06
134,1.3996057888311766e-06
135,1.656414190451576e-06
136,1.8875417519099354e-06
137,1.656414190451576e-06
138,1.271201588020977e-06
139,1.8104992314238156e-06
140,1.656414190451576e-06
141,1.9260630121529955e-06
142,1.8104992314238156e-06
143,1.4509674691552565e-06
144,1.8618609117478955e-06
145,1.271201588020977e-06
146,1.4381270490742365e-06
147,1.5280099896413763e-06
148,1.296882428183017e-06
149,8.34627305266298e-07
150,8.34627305266298e-07
151,7.062231044560983e-07
152,7.062231044560983e-07
153,6.677018442130384e-07
154,6.163401638889585e-07
155,6.933826843750783e-07
156,5.649784835648786e-07
157,7.190635245371183e-07
158,7.575847847801781e-07
159,5.649784835648786e-07
160,5.778189036458986e-07
161,6.805422642940584e-07
162,7.575847847801781e-07
163,5.264572233218187e-07
164,5.778189036458986e-07
165,4.7509554299773884e-07
166,3.98053022511619e-07
167,5.007763831597788e-07
168,4.7509554299773884e-07
169,3.8521260243059905e-07
170,4.7509554299773884e-07
171,2.568084016203994e-07
172,1.5408504097223962e-07
173,1.4124462089121965e-07
174,1.669254610532596e-07
175,1.7976588113427957e-07
176,1.7976588113427957e-07
177,1.9260630121529953e-07
178,2.3112756145835944e-07
179,1.7976588113427957e-07
180,1.284042008101997e-07
181,3.4669134218753917e-07
182,2.439679815393794e-07
183,2.568084016203994e-07
184,2.3112756145835944e-07
185,2.439679815393794e-07
186,2.0544672129631951e-07
187,8.988294056713978e-08
188,1.1556378072917972e-07
189,1.1556378072917972e-07
190,1.5408504097223962e-07
191,8.988294056713978e-08
192,1.284042008101997e-07
193,7.704252048611981e-08
194,7.704252048611981e-08
195,5.136168032407988e-08
196,1.1556378072917972e-07
197,8.988294056713978e-08
198,3.8521260243059904e-08
199,0.0
200,2.568084016203994e-08
201,1.284042008101997e-08
202,3.8521260243059904e-08
203,3.8521260243059904e-08
204,2.568084016203994e-08
205,2.568084016203994e-08
206,1.284042008101997e-08
207,2.568084016203994e-08
208,2.568084016203994e-08
209,3.8521260243059904e-08
210,5.136168032407988e-08
211,2.568084016203994e-08
212,2.568084016203994e-08
213,1.284042008101997e-08
214,6.420210040509985e-08
215,1.284042008101997e-08
216,2.568084016203994e-08
217,2.568084016203994e-08
218,2.568084016203994e-08
219,2.568084016203994e-08
220,0.0
221,0.0
222,2.568084016203994e-08
223,5.136168032407988e-08
224,1.284042008101997e-08
225,1.284042008101997e-08
226,1.284042008101997e-08
227,5.136168032407988e-08
228,3.8521260243059904e-08
229,5.136168032407988e-08
230,0.0
231,6.420210040509985e-08
232,6.420210040509985e-08
233,1.284042008101997e-08
234,3.8521260243059904e-08
235,1.284042008101997e-08
236,0.0
237,0.0
238,3.8521260243059904e-08
239,1.284042008101997e-08
240,2.568084016203994e-08
241,2.568084016203994e-08
242,0.0
243,2.568084016203994e-08
244,2.568084016203994e-08
245,2.568084016203994e-08
246,1.284042008101997e-08
247,0.0
248,3.8521260243059904e-08
249,1.284042008101997e-08
250,3.8521260243059904e-08
251,1.284042008101997e-08
252,3.8521260243059904e-08
253,1.284042008101997e-08
254,2.568084016203994e-08
255,2.568084016203994e-08
256,0.0
257,2.568084016203994e-08
258,1.284042008101997e-08
259,1.284042008101997e-08
260,0.0
261,1.284042008101997e-08
262,2.568084016203994e-08
263,0.0
264,1.284042008101997e-08
265,1.284042008101997e-08
266,1.284042008101997e-08
267,0.0
268,1.284042008101997e-08
269,0.0
270,1.284042008101997e-08
271,2.568084016203994e-08
272,0.0
273,1.284042008101997e-08
274,1.284042008101997e-08
275,3.8521260243059904e-08
276,2.568084016203994e-08
277,0.0
278,1.284042008101997e-08
279,0.0
280,0.0
281,0.0
282,0.0
283,0.0
284,0.0
285,0.0
286,0.0
287,0.0
288,0.0
289,0.0
290,2.568084016203994e-08
291,0.0
292,0.0
293,0.0
294,0.0
295,0.0
296,0.0
297,1.284042008101997e-08
298,0.0
299,0.0
300,1.284042008101997e-08
301,2.568084016203994e-08
302,0.0
303,0.0
304,0.0
305,1.284042008101997e-08
306,0.0
307,0.0
308,0.0
309,0.0
310,0.0
311,0.0
312,0.0
313,0.0
314,0.0
315,0.0
316,0.0
317,0.0
318,0.0
319,1.284042008101997e-08
320,0.0
321,0.0
322,0.0
323,0.0
324,0.0
325,0.0
326,1.284042008101997e-08
327,0.0
328,1.284042008101997e-08
329,1.284042008101997e-08
330,2.568084016203994e-08
331,0.0
332,1.284042008101997e-08
333,2.568084016203994e-08
334,0.0
335,0.0
336,1.284042008101997e-08
337,1.284042008101997e-08
338,0.0
339,1.284042008101997e-08
340,2.568084016203994e-08
341,6.420210040509985e-08
342,1.284042008101997e-08
343,0.0
344,1.284042008101997e-08
345,1.284042008101997e-08
346,1.284042008101997e-08
347,1.284042008101997e-08
348,0.0
349,1.284042008101997e-08
350,1.284042008101997e-08
351,1.284042008101997e-08
352,2.568084016203994e-08
353,0.0
354,2.568084016203994e-08
